v3.0 hex words addressed
00: 10800 10800 10800 10800 10800 10800 10800 10800
08: 10800 10800 10800 10800 10800 10800 10800 10800
10: 09200 09200 09200 09200 09200 09200 09200 09200
18: 09200 09200 09200 09200 09200 09200 09200 09200
20: 01900 01900 01900 00000 01900 01900 00000 00000
28: 01900 00000 00000 00000 05000 00000 00011 00080
30: 01008 01020 01020 00000 02010 00420 00000 00000
38: 01008 00000 00000 00000 00000 00000 00000 00000
40: 00000 0000c 0000e 00000 00000 00000 00000 00000
48: 00000 00000 00000 00000 00000 00000 00000 00000
50: 00000 00000 00000 00000 00000 00000 00000 00000
58: 00000 00000 00000 00000 00000 00000 00000 00000
60: 00000 00000 00000 00000 00000 00000 00000 00000
68: 00000 00000 00000 00000 00000 00000 00000 00000
70: 00000 00000 00000 00000 00000 00000 00000 00000
78: 00000 00000 00000 00000 00000 00000 00000 00000
